,unitary
0,"Operator([[ 0.88064867-0.19898603j,  0.41806915+0.10040249j],
          [-0.3342849 +0.27039985j,  0.88064867-0.19898603j]],
         input_dims=(2,), output_dims=(2,))"
1,"Operator([[ 0.88064867-0.19898603j,  0.3474265 +0.25329292j],
          [-0.204769  +0.37806366j,  0.88064867-0.19898603j]],
         input_dims=(2,), output_dims=(2,))"
2,"Operator([[ 0.88064867-0.19898603j, -0.01565945+0.4296711j ],
          [ 0.19887795+0.38119553j,  0.88064867-0.19898603j]],
         input_dims=(2,), output_dims=(2,))"
3,"Operator([[ 0.88064867-0.19898603j,  0.36123358+0.2331797j ],
          [-0.22588252+0.36584089j,  0.88064867-0.19898603j]],
         input_dims=(2,), output_dims=(2,))"
4,"Operator([[ 0.88064867-0.19898603j,  0.42758558-0.04508928j],
          [-0.40543193+0.1431343j ,  0.88064867-0.19898603j]],
         input_dims=(2,), output_dims=(2,))"
